Run semi-empirical minimization
 &qmmm
    qm_theory='AM1', grms_tol=0.0005,
 scfconv=1.d-10, ndiis_attempts=700,   qmcharge=-2,
 /
   7     N        9.1230      -29.3460      110.6300 
   6     C        5.7220      -28.9150      111.5590 
   6    C1        6.6220      -29.9610      110.9730 
   6    C2        8.0550      -30.0500      111.4110 
   6    C3        5.3690      -27.6950      110.7600 
   6    C4        6.3680      -27.1090      109.8060 
   8     O        7.6820      -26.5980      110.3170 
   8    O1        6.0510      -27.0330      108.3420 
   1     H       10.0300      -29.5130      111.0670 
   1    H1        8.9310      -28.3440      110.6180 
   1    H2        6.1920      -28.5710      112.4570 
   1    H3        4.7860      -29.4240      111.6570 
   1    H4        6.6320      -29.8020      109.9150 
   1    H5        6.1990      -30.8770      111.3290 
   1    H6        8.0980      -29.6650      112.4090 
   1    H7        8.2910      -31.0840      111.2720 
   1    H8        5.1240      -26.9260      111.4620 
   1    H9        4.5870      -28.0400      110.1170 
   1   H10        5.2300      -27.3520      108.0230 

